0.05 0.05
0.05 0.15
0.05 0.25
0.05 0.35
0.05 0.45
0.05 0.55
0.05 0.65
0.05 0.75
0.05 0.85
0.05 0.95
0.05 1.05
0.05 1.15
0.05 1.25
0.05 1.35
0.05 1.45
0.05 1.55
0.05 1.65
0.05 1.75
0.05 1.85
0.05 1.95
0.05 2.05
0.15 0.05
0.15 0.15
0.15 0.25
0.15 0.35
0.15 0.45
0.15 0.55
0.15 0.65
0.15 0.75
0.15 0.85
0.15 0.95
0.15 1.05
0.15 1.15
0.15 1.25
0.15 1.35
0.15 1.45
0.15 1.55
0.15 1.65
0.15 1.75
0.15 1.85
0.15 1.95
0.15 2.05
0.25 0.05
0.25 0.15
0.25 0.25
0.25 0.35
0.25 0.45
0.25 0.55
0.25 0.65
0.25 0.75
0.25 0.85
0.25 0.95
0.25 1.05
0.25 1.15
0.25 1.25
0.25 1.35
0.25 1.45
0.25 1.55
0.25 1.65
0.25 1.75
0.25 1.85
0.25 1.95
0.25 2.05
0.35 0.05
0.35 0.15
0.35 0.25
0.35 0.35
0.35 0.45
0.35 0.55
0.35 0.65
0.35 0.75
0.35 0.85
0.35 0.95
0.35 1.05
0.35 1.15
0.35 1.25
0.35 1.35
0.35 1.45
0.35 1.55
0.35 1.65
0.35 1.75
0.35 1.85
0.35 1.95
0.35 2.05
0.45 0.05
0.45 0.15
0.45 0.25
0.45 0.35
0.45 0.45
0.45 0.55
0.45 0.65
0.45 0.75
0.45 0.85
0.45 0.95
0.45 1.05
0.45 1.15
0.45 1.25
0.45 1.35
0.45 1.45
0.45 1.55
0.45 1.65
0.45 1.75
0.45 1.85
0.45 1.95
0.45 2.05
0.55 0.05
0.55 0.15
0.55 0.25
0.55 0.35
0.55 0.45
0.55 0.55
0.55 0.65
0.55 0.75
0.55 0.85
0.55 0.95
0.55 1.05
0.55 1.15
0.55 1.25
0.55 1.35
0.55 1.45
0.55 1.55
0.55 1.65
0.55 1.75
0.55 1.85
0.55 1.95
0.55 2.05
0.65 0.05
0.65 0.15
0.65 0.25
0.65 0.35
0.65 0.45
0.65 0.55
0.65 0.65
0.65 0.75
0.65 0.85
0.65 0.95
0.65 1.05
0.65 1.15
0.65 1.25
0.65 1.35
0.65 1.45
0.65 1.55
0.65 1.65
0.65 1.75
0.65 1.85
0.65 1.95
0.65 2.05
0.75 0.05
0.75 0.15
0.75 0.25
0.75 0.35
0.75 0.45
0.75 0.55
0.75 0.65
0.75 0.75
0.75 0.85
0.75 0.95
0.75 1.05
0.75 1.15
0.75 1.25
0.75 1.35
0.75 1.45
0.75 1.55
0.75 1.65
0.75 1.75
0.75 1.85
0.75 1.95
0.75 2.05
0.85 0.05
0.85 0.15
0.85 0.25
0.85 0.35
0.85 0.45
0.85 0.55
0.85 0.65
0.85 0.75
0.85 0.85
0.85 0.95
0.85 1.05
0.85 1.15
0.85 1.25
0.85 1.35
0.85 1.45
0.85 1.55
0.85 1.65
0.85 1.75
0.85 1.85
0.85 1.95
0.85 2.05
0.95 0.05
0.95 0.15
0.95 0.25
0.95 0.35
0.95 0.45
0.95 0.55
0.95 0.65
0.95 0.75
0.95 0.85
0.95 0.95
0.95 1.05
0.95 1.15
0.95 1.25
0.95 1.35
0.95 1.45
0.95 1.55
0.95 1.65
0.95 1.75
0.95 1.85
0.95 1.95
0.95 2.05
1.05 0.05
1.05 0.15
1.05 0.25
1.05 0.35
1.05 0.45
1.05 0.55
1.05 0.65
1.05 0.75
1.05 0.85
1.05 0.95
1.05 1.05
1.05 1.15
1.05 1.25
1.05 1.35
1.05 1.45
1.05 1.55
1.05 1.65
1.05 1.75
1.05 1.85
1.05 1.95
1.05 2.05
1.15 0.05
1.15 0.15
1.15 0.25
1.15 0.35
1.15 0.45
1.15 0.55
1.15 0.65
1.15 0.75
1.15 0.85
1.15 0.95
1.15 1.05
1.15 1.15
1.15 1.25
1.15 1.35
1.15 1.45
1.15 1.55
1.15 1.65
1.15 1.75
1.15 1.85
1.15 1.95
1.15 2.05
1.25 0.05
1.25 0.15
1.25 0.25
1.25 0.35
1.25 0.45
1.25 0.55
1.25 0.65
1.25 0.75
1.25 0.85
1.25 0.95
1.25 1.05
1.25 1.15
1.25 1.25
1.25 1.35
1.25 1.45
1.25 1.55
1.25 1.65
1.25 1.75
1.25 1.85
1.25 1.95
1.25 2.05
1.35 0.05
1.35 0.15
1.35 0.25
1.35 0.35
1.35 0.45
1.35 0.55
1.35 0.65
1.35 0.75
1.35 0.85
1.35 0.95
1.35 1.05
1.35 1.15
1.35 1.25
1.35 1.35
1.35 1.45
1.35 1.55
1.35 1.65
1.35 1.75
1.35 1.85
1.35 1.95
1.35 2.05
1.45 0.05
1.45 0.15
1.45 0.25
1.45 0.35
1.45 0.45
1.45 0.55
1.45 0.65
1.45 0.75
1.45 0.85
1.45 0.95
1.45 1.05
1.45 1.15
1.45 1.25
1.45 1.35
1.45 1.45
1.45 1.55
1.45 1.65
1.45 1.75
1.45 1.85
1.45 1.95
1.45 2.05
1.55 0.05
1.55 0.15
1.55 0.25
1.55 0.35
1.55 0.45
1.55 0.55
1.55 0.65
1.55 0.75
1.55 0.85
1.55 0.95
1.55 1.05
1.55 1.15
1.55 1.25
1.55 1.35
1.55 1.45
1.55 1.55
1.55 1.65
1.55 1.75
1.55 1.85
1.55 1.95
1.55 2.05
1.65 0.05
1.65 0.15
1.65 0.25
1.65 0.35
1.65 0.45
1.65 0.55
1.65 0.65
1.65 0.75
1.65 0.85
1.65 0.95
1.65 1.05
1.65 1.15
1.65 1.25
1.65 1.35
1.65 1.45
1.65 1.55
1.65 1.65
1.65 1.75
1.65 1.85
1.65 1.95
1.65 2.05
1.75 0.05
1.75 0.15
1.75 0.25
1.75 0.35
1.75 0.45
1.75 0.55
1.75 0.65
1.75 0.75
1.75 0.85
1.75 0.95
1.75 1.05
1.75 1.15
1.75 1.25
1.75 1.35
1.75 1.45
1.75 1.55
1.75 1.65
1.75 1.75
1.75 1.85
1.75 1.95
1.75 2.05
1.85 0.05
1.85 0.15
1.85 0.25
1.85 0.35
1.85 0.45
1.85 0.55
1.85 0.65
1.85 0.75
1.85 0.85
1.85 0.95
1.85 1.05
1.85 1.15
1.85 1.25
1.85 1.35
1.85 1.45
1.85 1.55
1.85 1.65
1.85 1.75
1.85 1.85
1.85 1.95
1.85 2.05
1.95 0.05
1.95 0.15
1.95 0.25
1.95 0.35
1.95 0.45
1.95 0.55
1.95 0.65
1.95 0.75
1.95 0.85
1.95 0.95
1.95 1.05
1.95 1.15
1.95 1.25
1.95 1.35
1.95 1.45
1.95 1.55
1.95 1.65
1.95 1.75
1.95 1.85
1.95 1.95
1.95 2.05
2.05 0.05
2.05 0.15
2.05 0.25
2.05 0.35
2.05 0.45
2.05 0.55
2.05 0.65
2.05 0.75
2.05 0.85
2.05 0.95
2.05 1.05
2.05 1.15
2.05 1.25
2.05 1.35
2.05 1.45
2.05 1.55
2.05 1.65
2.05 1.75
2.05 1.85
2.05 1.95
2.05 2.05
